version https://git-lfs.github.com/spec/v1
oid sha256:01c847be7b922911cc9944d8fce601ed2463a9f44b88b48d9d27fffb930672ad
size 7237194
