version https://git-lfs.github.com/spec/v1
oid sha256:e0e9c34c72a02b64add61d2f3e2209dfb3687087a9808838e6b6575e2815060d
size 643428
